{
 "cells": [
  {
   "cell_type": "code",
   "execution_count": 12,
   "id": "2af7f189-7bd9-44ff-af0c-f5b8f3a4406b",
   "metadata": {},
   "outputs": [],
   "source": [
    "import numpy as np\n",
    "import pandas as pd"
   ]
  },
  {
   "cell_type": "code",
   "execution_count": 23,
   "id": "3c9be9aa-a3c9-41b5-aae6-cacb2b97b87d",
   "metadata": {},
   "outputs": [],
   "source": [
    "data=pd.read_csv('data/housing.csv')"
   ]
  },
  {
   "cell_type": "code",
   "execution_count": 29,
   "id": "4374119a-ddd7-4352-90cd-1c6f95475574",
   "metadata": {},
   "outputs": [
    {
     "data": {
      "text/html": [
       "<div>\n",
       "<style scoped>\n",
       "    .dataframe tbody tr th:only-of-type {\n",
       "        vertical-align: middle;\n",
       "    }\n",
       "\n",
       "    .dataframe tbody tr th {\n",
       "        vertical-align: top;\n",
       "    }\n",
       "\n",
       "    .dataframe thead th {\n",
       "        text-align: right;\n",
       "    }\n",
       "</style>\n",
       "<table border=\"1\" class=\"dataframe\">\n",
       "  <thead>\n",
       "    <tr style=\"text-align: right;\">\n",
       "      <th></th>\n",
       "      <th>TRACT</th>\n",
       "      <th>LON</th>\n",
       "      <th>LAT</th>\n",
       "      <th>CRIM</th>\n",
       "      <th>ZN</th>\n",
       "      <th>INDUS</th>\n",
       "      <th>CHAS</th>\n",
       "      <th>NOX</th>\n",
       "      <th>RM</th>\n",
       "      <th>AGE</th>\n",
       "      <th>DIS</th>\n",
       "      <th>RAD</th>\n",
       "      <th>TAX</th>\n",
       "      <th>PTRATIO</th>\n",
       "      <th>MEDV</th>\n",
       "    </tr>\n",
       "  </thead>\n",
       "  <tbody>\n",
       "    <tr>\n",
       "      <th>0</th>\n",
       "      <td>2011</td>\n",
       "      <td>-70.955</td>\n",
       "      <td>42.2550</td>\n",
       "      <td>0.00632</td>\n",
       "      <td>18.0</td>\n",
       "      <td>2.31</td>\n",
       "      <td>0</td>\n",
       "      <td>0.538</td>\n",
       "      <td>6.575</td>\n",
       "      <td>65.2</td>\n",
       "      <td>4.0900</td>\n",
       "      <td>1</td>\n",
       "      <td>296</td>\n",
       "      <td>15.3</td>\n",
       "      <td>24.0</td>\n",
       "    </tr>\n",
       "    <tr>\n",
       "      <th>1</th>\n",
       "      <td>2021</td>\n",
       "      <td>-70.950</td>\n",
       "      <td>42.2875</td>\n",
       "      <td>0.02731</td>\n",
       "      <td>0.0</td>\n",
       "      <td>7.07</td>\n",
       "      <td>0</td>\n",
       "      <td>0.469</td>\n",
       "      <td>6.421</td>\n",
       "      <td>78.9</td>\n",
       "      <td>4.9671</td>\n",
       "      <td>2</td>\n",
       "      <td>242</td>\n",
       "      <td>17.8</td>\n",
       "      <td>21.6</td>\n",
       "    </tr>\n",
       "    <tr>\n",
       "      <th>2</th>\n",
       "      <td>2022</td>\n",
       "      <td>-70.936</td>\n",
       "      <td>42.2830</td>\n",
       "      <td>0.02729</td>\n",
       "      <td>0.0</td>\n",
       "      <td>7.07</td>\n",
       "      <td>0</td>\n",
       "      <td>0.469</td>\n",
       "      <td>7.185</td>\n",
       "      <td>61.1</td>\n",
       "      <td>4.9671</td>\n",
       "      <td>2</td>\n",
       "      <td>242</td>\n",
       "      <td>17.8</td>\n",
       "      <td>34.7</td>\n",
       "    </tr>\n",
       "    <tr>\n",
       "      <th>3</th>\n",
       "      <td>2031</td>\n",
       "      <td>-70.928</td>\n",
       "      <td>42.2930</td>\n",
       "      <td>0.03237</td>\n",
       "      <td>0.0</td>\n",
       "      <td>2.18</td>\n",
       "      <td>0</td>\n",
       "      <td>0.458</td>\n",
       "      <td>6.998</td>\n",
       "      <td>45.8</td>\n",
       "      <td>6.0622</td>\n",
       "      <td>3</td>\n",
       "      <td>222</td>\n",
       "      <td>18.7</td>\n",
       "      <td>33.4</td>\n",
       "    </tr>\n",
       "    <tr>\n",
       "      <th>4</th>\n",
       "      <td>2032</td>\n",
       "      <td>-70.922</td>\n",
       "      <td>42.2980</td>\n",
       "      <td>0.06905</td>\n",
       "      <td>0.0</td>\n",
       "      <td>2.18</td>\n",
       "      <td>0</td>\n",
       "      <td>0.458</td>\n",
       "      <td>7.147</td>\n",
       "      <td>54.2</td>\n",
       "      <td>6.0622</td>\n",
       "      <td>3</td>\n",
       "      <td>222</td>\n",
       "      <td>18.7</td>\n",
       "      <td>36.2</td>\n",
       "    </tr>\n",
       "  </tbody>\n",
       "</table>\n",
       "</div>"
      ],
      "text/plain": [
       "   TRACT     LON      LAT     CRIM    ZN  INDUS  CHAS    NOX     RM   AGE  \\\n",
       "0   2011 -70.955  42.2550  0.00632  18.0   2.31     0  0.538  6.575  65.2   \n",
       "1   2021 -70.950  42.2875  0.02731   0.0   7.07     0  0.469  6.421  78.9   \n",
       "2   2022 -70.936  42.2830  0.02729   0.0   7.07     0  0.469  7.185  61.1   \n",
       "3   2031 -70.928  42.2930  0.03237   0.0   2.18     0  0.458  6.998  45.8   \n",
       "4   2032 -70.922  42.2980  0.06905   0.0   2.18     0  0.458  7.147  54.2   \n",
       "\n",
       "      DIS  RAD  TAX  PTRATIO  MEDV  \n",
       "0  4.0900    1  296     15.3  24.0  \n",
       "1  4.9671    2  242     17.8  21.6  \n",
       "2  4.9671    2  242     17.8  34.7  \n",
       "3  6.0622    3  222     18.7  33.4  \n",
       "4  6.0622    3  222     18.7  36.2  "
      ]
     },
     "execution_count": 29,
     "metadata": {},
     "output_type": "execute_result"
    }
   ],
   "source": [
    "data.head()"
   ]
  },
  {
   "cell_type": "code",
   "execution_count": 24,
   "id": "5e48b854-5642-49a9-b62f-a08674938abe",
   "metadata": {},
   "outputs": [
    {
     "data": {
      "text/plain": [
       "(506, 15)"
      ]
     },
     "execution_count": 24,
     "metadata": {},
     "output_type": "execute_result"
    }
   ],
   "source": [
    "data.shape"
   ]
  },
  {
   "cell_type": "code",
   "execution_count": 31,
   "id": "9dd5337c-da52-4ca9-9759-1aa247ea3f56",
   "metadata": {},
   "outputs": [
    {
     "data": {
      "text/plain": [
       "5.0"
      ]
     },
     "execution_count": 31,
     "metadata": {},
     "output_type": "execute_result"
    }
   ],
   "source": [
    "data['MEDV'].min()"
   ]
  },
  {
   "cell_type": "code",
   "execution_count": 32,
   "id": "b1f58e81-c378-4d07-9a06-2b824600cc24",
   "metadata": {},
   "outputs": [
    {
     "data": {
      "text/plain": [
       "50.0"
      ]
     },
     "execution_count": 32,
     "metadata": {},
     "output_type": "execute_result"
    }
   ],
   "source": [
    "data['MEDV'].max()"
   ]
  },
  {
   "cell_type": "code",
   "execution_count": 27,
   "id": "de4c01e2-b17d-48ef-83ae-7c8fc58a62e7",
   "metadata": {},
   "outputs": [
    {
     "data": {
      "text/html": [
       "<div>\n",
       "<style scoped>\n",
       "    .dataframe tbody tr th:only-of-type {\n",
       "        vertical-align: middle;\n",
       "    }\n",
       "\n",
       "    .dataframe tbody tr th {\n",
       "        vertical-align: top;\n",
       "    }\n",
       "\n",
       "    .dataframe thead th {\n",
       "        text-align: right;\n",
       "    }\n",
       "</style>\n",
       "<table border=\"1\" class=\"dataframe\">\n",
       "  <thead>\n",
       "    <tr style=\"text-align: right;\">\n",
       "      <th></th>\n",
       "      <th>TRACT</th>\n",
       "      <th>LON</th>\n",
       "      <th>LAT</th>\n",
       "      <th>CRIM</th>\n",
       "      <th>ZN</th>\n",
       "      <th>INDUS</th>\n",
       "      <th>CHAS</th>\n",
       "      <th>NOX</th>\n",
       "      <th>RM</th>\n",
       "      <th>AGE</th>\n",
       "      <th>DIS</th>\n",
       "      <th>RAD</th>\n",
       "      <th>TAX</th>\n",
       "      <th>PTRATIO</th>\n",
       "      <th>MEDV</th>\n",
       "    </tr>\n",
       "  </thead>\n",
       "  <tbody>\n",
       "    <tr>\n",
       "      <th>count</th>\n",
       "      <td>506.000000</td>\n",
       "      <td>506.000000</td>\n",
       "      <td>506.000000</td>\n",
       "      <td>506.000000</td>\n",
       "      <td>506.000000</td>\n",
       "      <td>506.000000</td>\n",
       "      <td>506.000000</td>\n",
       "      <td>506.000000</td>\n",
       "      <td>506.000000</td>\n",
       "      <td>506.000000</td>\n",
       "      <td>506.000000</td>\n",
       "      <td>506.000000</td>\n",
       "      <td>506.000000</td>\n",
       "      <td>506.000000</td>\n",
       "      <td>506.000000</td>\n",
       "    </tr>\n",
       "    <tr>\n",
       "      <th>mean</th>\n",
       "      <td>2700.355731</td>\n",
       "      <td>-71.056389</td>\n",
       "      <td>42.216440</td>\n",
       "      <td>3.613524</td>\n",
       "      <td>11.363636</td>\n",
       "      <td>11.136779</td>\n",
       "      <td>0.069170</td>\n",
       "      <td>0.554695</td>\n",
       "      <td>6.284634</td>\n",
       "      <td>68.574901</td>\n",
       "      <td>3.795043</td>\n",
       "      <td>9.549407</td>\n",
       "      <td>408.237154</td>\n",
       "      <td>18.455534</td>\n",
       "      <td>22.528854</td>\n",
       "    </tr>\n",
       "    <tr>\n",
       "      <th>std</th>\n",
       "      <td>1380.036830</td>\n",
       "      <td>0.075405</td>\n",
       "      <td>0.061777</td>\n",
       "      <td>8.601545</td>\n",
       "      <td>23.322453</td>\n",
       "      <td>6.860353</td>\n",
       "      <td>0.253994</td>\n",
       "      <td>0.115878</td>\n",
       "      <td>0.702617</td>\n",
       "      <td>28.148861</td>\n",
       "      <td>2.105710</td>\n",
       "      <td>8.707259</td>\n",
       "      <td>168.537116</td>\n",
       "      <td>2.164946</td>\n",
       "      <td>9.182176</td>\n",
       "    </tr>\n",
       "    <tr>\n",
       "      <th>min</th>\n",
       "      <td>1.000000</td>\n",
       "      <td>-71.289500</td>\n",
       "      <td>42.030000</td>\n",
       "      <td>0.006320</td>\n",
       "      <td>0.000000</td>\n",
       "      <td>0.460000</td>\n",
       "      <td>0.000000</td>\n",
       "      <td>0.385000</td>\n",
       "      <td>3.561000</td>\n",
       "      <td>2.900000</td>\n",
       "      <td>1.129600</td>\n",
       "      <td>1.000000</td>\n",
       "      <td>187.000000</td>\n",
       "      <td>12.600000</td>\n",
       "      <td>5.000000</td>\n",
       "    </tr>\n",
       "    <tr>\n",
       "      <th>25%</th>\n",
       "      <td>1303.250000</td>\n",
       "      <td>-71.093225</td>\n",
       "      <td>42.180775</td>\n",
       "      <td>0.082045</td>\n",
       "      <td>0.000000</td>\n",
       "      <td>5.190000</td>\n",
       "      <td>0.000000</td>\n",
       "      <td>0.449000</td>\n",
       "      <td>5.885500</td>\n",
       "      <td>45.025000</td>\n",
       "      <td>2.100175</td>\n",
       "      <td>4.000000</td>\n",
       "      <td>279.000000</td>\n",
       "      <td>17.400000</td>\n",
       "      <td>17.025000</td>\n",
       "    </tr>\n",
       "    <tr>\n",
       "      <th>50%</th>\n",
       "      <td>3393.500000</td>\n",
       "      <td>-71.052900</td>\n",
       "      <td>42.218100</td>\n",
       "      <td>0.256510</td>\n",
       "      <td>0.000000</td>\n",
       "      <td>9.690000</td>\n",
       "      <td>0.000000</td>\n",
       "      <td>0.538000</td>\n",
       "      <td>6.208500</td>\n",
       "      <td>77.500000</td>\n",
       "      <td>3.207450</td>\n",
       "      <td>5.000000</td>\n",
       "      <td>330.000000</td>\n",
       "      <td>19.050000</td>\n",
       "      <td>21.200000</td>\n",
       "    </tr>\n",
       "    <tr>\n",
       "      <th>75%</th>\n",
       "      <td>3739.750000</td>\n",
       "      <td>-71.019625</td>\n",
       "      <td>42.252250</td>\n",
       "      <td>3.677083</td>\n",
       "      <td>12.500000</td>\n",
       "      <td>18.100000</td>\n",
       "      <td>0.000000</td>\n",
       "      <td>0.624000</td>\n",
       "      <td>6.623500</td>\n",
       "      <td>94.075000</td>\n",
       "      <td>5.188425</td>\n",
       "      <td>24.000000</td>\n",
       "      <td>666.000000</td>\n",
       "      <td>20.200000</td>\n",
       "      <td>25.000000</td>\n",
       "    </tr>\n",
       "    <tr>\n",
       "      <th>max</th>\n",
       "      <td>5082.000000</td>\n",
       "      <td>-70.810000</td>\n",
       "      <td>42.381000</td>\n",
       "      <td>88.976200</td>\n",
       "      <td>100.000000</td>\n",
       "      <td>27.740000</td>\n",
       "      <td>1.000000</td>\n",
       "      <td>0.871000</td>\n",
       "      <td>8.780000</td>\n",
       "      <td>100.000000</td>\n",
       "      <td>12.126500</td>\n",
       "      <td>24.000000</td>\n",
       "      <td>711.000000</td>\n",
       "      <td>22.000000</td>\n",
       "      <td>50.000000</td>\n",
       "    </tr>\n",
       "  </tbody>\n",
       "</table>\n",
       "</div>"
      ],
      "text/plain": [
       "             TRACT         LON         LAT        CRIM          ZN  \\\n",
       "count   506.000000  506.000000  506.000000  506.000000  506.000000   \n",
       "mean   2700.355731  -71.056389   42.216440    3.613524   11.363636   \n",
       "std    1380.036830    0.075405    0.061777    8.601545   23.322453   \n",
       "min       1.000000  -71.289500   42.030000    0.006320    0.000000   \n",
       "25%    1303.250000  -71.093225   42.180775    0.082045    0.000000   \n",
       "50%    3393.500000  -71.052900   42.218100    0.256510    0.000000   \n",
       "75%    3739.750000  -71.019625   42.252250    3.677083   12.500000   \n",
       "max    5082.000000  -70.810000   42.381000   88.976200  100.000000   \n",
       "\n",
       "            INDUS        CHAS         NOX          RM         AGE         DIS  \\\n",
       "count  506.000000  506.000000  506.000000  506.000000  506.000000  506.000000   \n",
       "mean    11.136779    0.069170    0.554695    6.284634   68.574901    3.795043   \n",
       "std      6.860353    0.253994    0.115878    0.702617   28.148861    2.105710   \n",
       "min      0.460000    0.000000    0.385000    3.561000    2.900000    1.129600   \n",
       "25%      5.190000    0.000000    0.449000    5.885500   45.025000    2.100175   \n",
       "50%      9.690000    0.000000    0.538000    6.208500   77.500000    3.207450   \n",
       "75%     18.100000    0.000000    0.624000    6.623500   94.075000    5.188425   \n",
       "max     27.740000    1.000000    0.871000    8.780000  100.000000   12.126500   \n",
       "\n",
       "              RAD         TAX     PTRATIO        MEDV  \n",
       "count  506.000000  506.000000  506.000000  506.000000  \n",
       "mean     9.549407  408.237154   18.455534   22.528854  \n",
       "std      8.707259  168.537116    2.164946    9.182176  \n",
       "min      1.000000  187.000000   12.600000    5.000000  \n",
       "25%      4.000000  279.000000   17.400000   17.025000  \n",
       "50%      5.000000  330.000000   19.050000   21.200000  \n",
       "75%     24.000000  666.000000   20.200000   25.000000  \n",
       "max     24.000000  711.000000   22.000000   50.000000  "
      ]
     },
     "execution_count": 27,
     "metadata": {},
     "output_type": "execute_result"
    }
   ],
   "source": [
    "data.describe()"
   ]
  },
  {
   "cell_type": "code",
   "execution_count": 28,
   "id": "6418f8fa-2d13-486a-b700-85ab3745249f",
   "metadata": {},
   "outputs": [
    {
     "data": {
      "text/html": [
       "<div>\n",
       "<style scoped>\n",
       "    .dataframe tbody tr th:only-of-type {\n",
       "        vertical-align: middle;\n",
       "    }\n",
       "\n",
       "    .dataframe tbody tr th {\n",
       "        vertical-align: top;\n",
       "    }\n",
       "\n",
       "    .dataframe thead th {\n",
       "        text-align: right;\n",
       "    }\n",
       "</style>\n",
       "<table border=\"1\" class=\"dataframe\">\n",
       "  <thead>\n",
       "    <tr style=\"text-align: right;\">\n",
       "      <th></th>\n",
       "      <th>TRACT</th>\n",
       "      <th>LON</th>\n",
       "      <th>LAT</th>\n",
       "      <th>CRIM</th>\n",
       "      <th>ZN</th>\n",
       "      <th>INDUS</th>\n",
       "      <th>CHAS</th>\n",
       "      <th>NOX</th>\n",
       "      <th>RM</th>\n",
       "      <th>AGE</th>\n",
       "      <th>DIS</th>\n",
       "      <th>RAD</th>\n",
       "      <th>TAX</th>\n",
       "      <th>PTRATIO</th>\n",
       "      <th>MEDV</th>\n",
       "    </tr>\n",
       "  </thead>\n",
       "  <tbody>\n",
       "    <tr>\n",
       "      <th>TRACT</th>\n",
       "      <td>1.000000</td>\n",
       "      <td>-0.220890</td>\n",
       "      <td>-0.225543</td>\n",
       "      <td>-0.547165</td>\n",
       "      <td>0.367292</td>\n",
       "      <td>-0.575705</td>\n",
       "      <td>0.041356</td>\n",
       "      <td>-0.569807</td>\n",
       "      <td>0.305207</td>\n",
       "      <td>-0.487465</td>\n",
       "      <td>0.496841</td>\n",
       "      <td>-0.828829</td>\n",
       "      <td>-0.793602</td>\n",
       "      <td>-0.532678</td>\n",
       "      <td>0.428252</td>\n",
       "    </tr>\n",
       "    <tr>\n",
       "      <th>LON</th>\n",
       "      <td>-0.220890</td>\n",
       "      <td>1.000000</td>\n",
       "      <td>0.143054</td>\n",
       "      <td>0.065101</td>\n",
       "      <td>-0.218081</td>\n",
       "      <td>0.062702</td>\n",
       "      <td>-0.175619</td>\n",
       "      <td>0.160871</td>\n",
       "      <td>-0.257110</td>\n",
       "      <td>0.204739</td>\n",
       "      <td>-0.011243</td>\n",
       "      <td>0.034067</td>\n",
       "      <td>0.050663</td>\n",
       "      <td>0.312602</td>\n",
       "      <td>-0.322947</td>\n",
       "    </tr>\n",
       "    <tr>\n",
       "      <th>LAT</th>\n",
       "      <td>-0.225543</td>\n",
       "      <td>0.143054</td>\n",
       "      <td>1.000000</td>\n",
       "      <td>-0.084293</td>\n",
       "      <td>-0.129667</td>\n",
       "      <td>-0.041093</td>\n",
       "      <td>-0.044726</td>\n",
       "      <td>-0.068600</td>\n",
       "      <td>-0.069317</td>\n",
       "      <td>0.079035</td>\n",
       "      <td>-0.082981</td>\n",
       "      <td>-0.207013</td>\n",
       "      <td>-0.167718</td>\n",
       "      <td>-0.004527</td>\n",
       "      <td>0.006826</td>\n",
       "    </tr>\n",
       "    <tr>\n",
       "      <th>CRIM</th>\n",
       "      <td>-0.547165</td>\n",
       "      <td>0.065101</td>\n",
       "      <td>-0.084293</td>\n",
       "      <td>1.000000</td>\n",
       "      <td>-0.200469</td>\n",
       "      <td>0.406583</td>\n",
       "      <td>-0.055892</td>\n",
       "      <td>0.420972</td>\n",
       "      <td>-0.219247</td>\n",
       "      <td>0.352734</td>\n",
       "      <td>-0.379670</td>\n",
       "      <td>0.625505</td>\n",
       "      <td>0.582764</td>\n",
       "      <td>0.289946</td>\n",
       "      <td>-0.389582</td>\n",
       "    </tr>\n",
       "    <tr>\n",
       "      <th>ZN</th>\n",
       "      <td>0.367292</td>\n",
       "      <td>-0.218081</td>\n",
       "      <td>-0.129667</td>\n",
       "      <td>-0.200469</td>\n",
       "      <td>1.000000</td>\n",
       "      <td>-0.533828</td>\n",
       "      <td>-0.042697</td>\n",
       "      <td>-0.516604</td>\n",
       "      <td>0.311991</td>\n",
       "      <td>-0.569537</td>\n",
       "      <td>0.664408</td>\n",
       "      <td>-0.311948</td>\n",
       "      <td>-0.314563</td>\n",
       "      <td>-0.391679</td>\n",
       "      <td>0.360386</td>\n",
       "    </tr>\n",
       "    <tr>\n",
       "      <th>INDUS</th>\n",
       "      <td>-0.575705</td>\n",
       "      <td>0.062702</td>\n",
       "      <td>-0.041093</td>\n",
       "      <td>0.406583</td>\n",
       "      <td>-0.533828</td>\n",
       "      <td>1.000000</td>\n",
       "      <td>0.062938</td>\n",
       "      <td>0.763651</td>\n",
       "      <td>-0.391676</td>\n",
       "      <td>0.644779</td>\n",
       "      <td>-0.708027</td>\n",
       "      <td>0.595129</td>\n",
       "      <td>0.720760</td>\n",
       "      <td>0.383248</td>\n",
       "      <td>-0.484754</td>\n",
       "    </tr>\n",
       "    <tr>\n",
       "      <th>CHAS</th>\n",
       "      <td>0.041356</td>\n",
       "      <td>-0.175619</td>\n",
       "      <td>-0.044726</td>\n",
       "      <td>-0.055892</td>\n",
       "      <td>-0.042697</td>\n",
       "      <td>0.062938</td>\n",
       "      <td>1.000000</td>\n",
       "      <td>0.091203</td>\n",
       "      <td>0.091251</td>\n",
       "      <td>0.086518</td>\n",
       "      <td>-0.099176</td>\n",
       "      <td>-0.007368</td>\n",
       "      <td>-0.035587</td>\n",
       "      <td>-0.121515</td>\n",
       "      <td>0.175663</td>\n",
       "    </tr>\n",
       "    <tr>\n",
       "      <th>NOX</th>\n",
       "      <td>-0.569807</td>\n",
       "      <td>0.160871</td>\n",
       "      <td>-0.068600</td>\n",
       "      <td>0.420972</td>\n",
       "      <td>-0.516604</td>\n",
       "      <td>0.763651</td>\n",
       "      <td>0.091203</td>\n",
       "      <td>1.000000</td>\n",
       "      <td>-0.302188</td>\n",
       "      <td>0.731470</td>\n",
       "      <td>-0.769230</td>\n",
       "      <td>0.611441</td>\n",
       "      <td>0.668023</td>\n",
       "      <td>0.188933</td>\n",
       "      <td>-0.429300</td>\n",
       "    </tr>\n",
       "    <tr>\n",
       "      <th>RM</th>\n",
       "      <td>0.305207</td>\n",
       "      <td>-0.257110</td>\n",
       "      <td>-0.069317</td>\n",
       "      <td>-0.219247</td>\n",
       "      <td>0.311991</td>\n",
       "      <td>-0.391676</td>\n",
       "      <td>0.091251</td>\n",
       "      <td>-0.302188</td>\n",
       "      <td>1.000000</td>\n",
       "      <td>-0.240265</td>\n",
       "      <td>0.205246</td>\n",
       "      <td>-0.209847</td>\n",
       "      <td>-0.292048</td>\n",
       "      <td>-0.355501</td>\n",
       "      <td>0.696304</td>\n",
       "    </tr>\n",
       "    <tr>\n",
       "      <th>AGE</th>\n",
       "      <td>-0.487465</td>\n",
       "      <td>0.204739</td>\n",
       "      <td>0.079035</td>\n",
       "      <td>0.352734</td>\n",
       "      <td>-0.569537</td>\n",
       "      <td>0.644779</td>\n",
       "      <td>0.086518</td>\n",
       "      <td>0.731470</td>\n",
       "      <td>-0.240265</td>\n",
       "      <td>1.000000</td>\n",
       "      <td>-0.747881</td>\n",
       "      <td>0.456022</td>\n",
       "      <td>0.506456</td>\n",
       "      <td>0.261515</td>\n",
       "      <td>-0.377999</td>\n",
       "    </tr>\n",
       "    <tr>\n",
       "      <th>DIS</th>\n",
       "      <td>0.496841</td>\n",
       "      <td>-0.011243</td>\n",
       "      <td>-0.082981</td>\n",
       "      <td>-0.379670</td>\n",
       "      <td>0.664408</td>\n",
       "      <td>-0.708027</td>\n",
       "      <td>-0.099176</td>\n",
       "      <td>-0.769230</td>\n",
       "      <td>0.205246</td>\n",
       "      <td>-0.747881</td>\n",
       "      <td>1.000000</td>\n",
       "      <td>-0.494588</td>\n",
       "      <td>-0.534432</td>\n",
       "      <td>-0.232471</td>\n",
       "      <td>0.249315</td>\n",
       "    </tr>\n",
       "    <tr>\n",
       "      <th>RAD</th>\n",
       "      <td>-0.828829</td>\n",
       "      <td>0.034067</td>\n",
       "      <td>-0.207013</td>\n",
       "      <td>0.625505</td>\n",
       "      <td>-0.311948</td>\n",
       "      <td>0.595129</td>\n",
       "      <td>-0.007368</td>\n",
       "      <td>0.611441</td>\n",
       "      <td>-0.209847</td>\n",
       "      <td>0.456022</td>\n",
       "      <td>-0.494588</td>\n",
       "      <td>1.000000</td>\n",
       "      <td>0.910228</td>\n",
       "      <td>0.464741</td>\n",
       "      <td>-0.384766</td>\n",
       "    </tr>\n",
       "    <tr>\n",
       "      <th>TAX</th>\n",
       "      <td>-0.793602</td>\n",
       "      <td>0.050663</td>\n",
       "      <td>-0.167718</td>\n",
       "      <td>0.582764</td>\n",
       "      <td>-0.314563</td>\n",
       "      <td>0.720760</td>\n",
       "      <td>-0.035587</td>\n",
       "      <td>0.668023</td>\n",
       "      <td>-0.292048</td>\n",
       "      <td>0.506456</td>\n",
       "      <td>-0.534432</td>\n",
       "      <td>0.910228</td>\n",
       "      <td>1.000000</td>\n",
       "      <td>0.460853</td>\n",
       "      <td>-0.471979</td>\n",
       "    </tr>\n",
       "    <tr>\n",
       "      <th>PTRATIO</th>\n",
       "      <td>-0.532678</td>\n",
       "      <td>0.312602</td>\n",
       "      <td>-0.004527</td>\n",
       "      <td>0.289946</td>\n",
       "      <td>-0.391679</td>\n",
       "      <td>0.383248</td>\n",
       "      <td>-0.121515</td>\n",
       "      <td>0.188933</td>\n",
       "      <td>-0.355501</td>\n",
       "      <td>0.261515</td>\n",
       "      <td>-0.232471</td>\n",
       "      <td>0.464741</td>\n",
       "      <td>0.460853</td>\n",
       "      <td>1.000000</td>\n",
       "      <td>-0.505655</td>\n",
       "    </tr>\n",
       "    <tr>\n",
       "      <th>MEDV</th>\n",
       "      <td>0.428252</td>\n",
       "      <td>-0.322947</td>\n",
       "      <td>0.006826</td>\n",
       "      <td>-0.389582</td>\n",
       "      <td>0.360386</td>\n",
       "      <td>-0.484754</td>\n",
       "      <td>0.175663</td>\n",
       "      <td>-0.429300</td>\n",
       "      <td>0.696304</td>\n",
       "      <td>-0.377999</td>\n",
       "      <td>0.249315</td>\n",
       "      <td>-0.384766</td>\n",
       "      <td>-0.471979</td>\n",
       "      <td>-0.505655</td>\n",
       "      <td>1.000000</td>\n",
       "    </tr>\n",
       "  </tbody>\n",
       "</table>\n",
       "</div>"
      ],
      "text/plain": [
       "            TRACT       LON       LAT      CRIM        ZN     INDUS      CHAS  \\\n",
       "TRACT    1.000000 -0.220890 -0.225543 -0.547165  0.367292 -0.575705  0.041356   \n",
       "LON     -0.220890  1.000000  0.143054  0.065101 -0.218081  0.062702 -0.175619   \n",
       "LAT     -0.225543  0.143054  1.000000 -0.084293 -0.129667 -0.041093 -0.044726   \n",
       "CRIM    -0.547165  0.065101 -0.084293  1.000000 -0.200469  0.406583 -0.055892   \n",
       "ZN       0.367292 -0.218081 -0.129667 -0.200469  1.000000 -0.533828 -0.042697   \n",
       "INDUS   -0.575705  0.062702 -0.041093  0.406583 -0.533828  1.000000  0.062938   \n",
       "CHAS     0.041356 -0.175619 -0.044726 -0.055892 -0.042697  0.062938  1.000000   \n",
       "NOX     -0.569807  0.160871 -0.068600  0.420972 -0.516604  0.763651  0.091203   \n",
       "RM       0.305207 -0.257110 -0.069317 -0.219247  0.311991 -0.391676  0.091251   \n",
       "AGE     -0.487465  0.204739  0.079035  0.352734 -0.569537  0.644779  0.086518   \n",
       "DIS      0.496841 -0.011243 -0.082981 -0.379670  0.664408 -0.708027 -0.099176   \n",
       "RAD     -0.828829  0.034067 -0.207013  0.625505 -0.311948  0.595129 -0.007368   \n",
       "TAX     -0.793602  0.050663 -0.167718  0.582764 -0.314563  0.720760 -0.035587   \n",
       "PTRATIO -0.532678  0.312602 -0.004527  0.289946 -0.391679  0.383248 -0.121515   \n",
       "MEDV     0.428252 -0.322947  0.006826 -0.389582  0.360386 -0.484754  0.175663   \n",
       "\n",
       "              NOX        RM       AGE       DIS       RAD       TAX   PTRATIO  \\\n",
       "TRACT   -0.569807  0.305207 -0.487465  0.496841 -0.828829 -0.793602 -0.532678   \n",
       "LON      0.160871 -0.257110  0.204739 -0.011243  0.034067  0.050663  0.312602   \n",
       "LAT     -0.068600 -0.069317  0.079035 -0.082981 -0.207013 -0.167718 -0.004527   \n",
       "CRIM     0.420972 -0.219247  0.352734 -0.379670  0.625505  0.582764  0.289946   \n",
       "ZN      -0.516604  0.311991 -0.569537  0.664408 -0.311948 -0.314563 -0.391679   \n",
       "INDUS    0.763651 -0.391676  0.644779 -0.708027  0.595129  0.720760  0.383248   \n",
       "CHAS     0.091203  0.091251  0.086518 -0.099176 -0.007368 -0.035587 -0.121515   \n",
       "NOX      1.000000 -0.302188  0.731470 -0.769230  0.611441  0.668023  0.188933   \n",
       "RM      -0.302188  1.000000 -0.240265  0.205246 -0.209847 -0.292048 -0.355501   \n",
       "AGE      0.731470 -0.240265  1.000000 -0.747881  0.456022  0.506456  0.261515   \n",
       "DIS     -0.769230  0.205246 -0.747881  1.000000 -0.494588 -0.534432 -0.232471   \n",
       "RAD      0.611441 -0.209847  0.456022 -0.494588  1.000000  0.910228  0.464741   \n",
       "TAX      0.668023 -0.292048  0.506456 -0.534432  0.910228  1.000000  0.460853   \n",
       "PTRATIO  0.188933 -0.355501  0.261515 -0.232471  0.464741  0.460853  1.000000   \n",
       "MEDV    -0.429300  0.696304 -0.377999  0.249315 -0.384766 -0.471979 -0.505655   \n",
       "\n",
       "             MEDV  \n",
       "TRACT    0.428252  \n",
       "LON     -0.322947  \n",
       "LAT      0.006826  \n",
       "CRIM    -0.389582  \n",
       "ZN       0.360386  \n",
       "INDUS   -0.484754  \n",
       "CHAS     0.175663  \n",
       "NOX     -0.429300  \n",
       "RM       0.696304  \n",
       "AGE     -0.377999  \n",
       "DIS      0.249315  \n",
       "RAD     -0.384766  \n",
       "TAX     -0.471979  \n",
       "PTRATIO -0.505655  \n",
       "MEDV     1.000000  "
      ]
     },
     "execution_count": 28,
     "metadata": {},
     "output_type": "execute_result"
    }
   ],
   "source": [
    "data.corr()"
   ]
  },
  {
   "cell_type": "code",
   "execution_count": 14,
   "id": "067d573c-4f92-4303-8f13-4a582e306512",
   "metadata": {},
   "outputs": [],
   "source": [
    "x=data.drop(['MEDV'],axis=1)\n",
    "y=data['MEDV']"
   ]
  },
  {
   "cell_type": "code",
   "execution_count": 15,
   "id": "c49bb22a-fafa-48bd-bfd3-cf4acae8eb82",
   "metadata": {},
   "outputs": [],
   "source": [
    "from sklearn.model_selection import train_test_split,GridSearchCV\n",
    "x_train,x_test,y_train,y_test=train_test_split(x,y,random_state=21,test_size=.25)"
   ]
  },
  {
   "cell_type": "code",
   "execution_count": 16,
   "id": "02afe6fb-3bd4-4f4a-ba19-4c79acc8c435",
   "metadata": {},
   "outputs": [],
   "source": [
    "from sklearn.svm import SVR\n",
    "svr=SVR()"
   ]
  },
  {
   "cell_type": "code",
   "execution_count": 6,
   "id": "edc6fd34-6efd-4b84-8f9b-7f8577208c86",
   "metadata": {},
   "outputs": [],
   "source": [
    "# Define the parameter grid to search\n",
    "param_grid = {\n",
    "    'kernel': ['linear', 'rbf'],  # You can also try other kernels\n",
    "    'C': [0.1, 1, 10, 100],\n",
    "    'epsilon': [0.01, 0.1, 0.2]\n",
    "}"
   ]
  },
  {
   "cell_type": "code",
   "execution_count": 7,
   "id": "19d465c1-fbf8-4175-a800-439e7fdfdb38",
   "metadata": {},
   "outputs": [],
   "source": [
    "grid= GridSearchCV(svr, param_grid, cv=5, scoring='neg_mean_squared_error', n_jobs=-1)"
   ]
  },
  {
   "cell_type": "code",
   "execution_count": 8,
   "id": "4fa93a29-61d7-42cb-bbbc-77ec12bb56ad",
   "metadata": {},
   "outputs": [
    {
     "data": {
      "text/html": [
       "<style>#sk-container-id-1 {color: black;}#sk-container-id-1 pre{padding: 0;}#sk-container-id-1 div.sk-toggleable {background-color: white;}#sk-container-id-1 label.sk-toggleable__label {cursor: pointer;display: block;width: 100%;margin-bottom: 0;padding: 0.3em;box-sizing: border-box;text-align: center;}#sk-container-id-1 label.sk-toggleable__label-arrow:before {content: \"▸\";float: left;margin-right: 0.25em;color: #696969;}#sk-container-id-1 label.sk-toggleable__label-arrow:hover:before {color: black;}#sk-container-id-1 div.sk-estimator:hover label.sk-toggleable__label-arrow:before {color: black;}#sk-container-id-1 div.sk-toggleable__content {max-height: 0;max-width: 0;overflow: hidden;text-align: left;background-color: #f0f8ff;}#sk-container-id-1 div.sk-toggleable__content pre {margin: 0.2em;color: black;border-radius: 0.25em;background-color: #f0f8ff;}#sk-container-id-1 input.sk-toggleable__control:checked~div.sk-toggleable__content {max-height: 200px;max-width: 100%;overflow: auto;}#sk-container-id-1 input.sk-toggleable__control:checked~label.sk-toggleable__label-arrow:before {content: \"▾\";}#sk-container-id-1 div.sk-estimator input.sk-toggleable__control:checked~label.sk-toggleable__label {background-color: #d4ebff;}#sk-container-id-1 div.sk-label input.sk-toggleable__control:checked~label.sk-toggleable__label {background-color: #d4ebff;}#sk-container-id-1 input.sk-hidden--visually {border: 0;clip: rect(1px 1px 1px 1px);clip: rect(1px, 1px, 1px, 1px);height: 1px;margin: -1px;overflow: hidden;padding: 0;position: absolute;width: 1px;}#sk-container-id-1 div.sk-estimator {font-family: monospace;background-color: #f0f8ff;border: 1px dotted black;border-radius: 0.25em;box-sizing: border-box;margin-bottom: 0.5em;}#sk-container-id-1 div.sk-estimator:hover {background-color: #d4ebff;}#sk-container-id-1 div.sk-parallel-item::after {content: \"\";width: 100%;border-bottom: 1px solid gray;flex-grow: 1;}#sk-container-id-1 div.sk-label:hover label.sk-toggleable__label {background-color: #d4ebff;}#sk-container-id-1 div.sk-serial::before {content: \"\";position: absolute;border-left: 1px solid gray;box-sizing: border-box;top: 0;bottom: 0;left: 50%;z-index: 0;}#sk-container-id-1 div.sk-serial {display: flex;flex-direction: column;align-items: center;background-color: white;padding-right: 0.2em;padding-left: 0.2em;position: relative;}#sk-container-id-1 div.sk-item {position: relative;z-index: 1;}#sk-container-id-1 div.sk-parallel {display: flex;align-items: stretch;justify-content: center;background-color: white;position: relative;}#sk-container-id-1 div.sk-item::before, #sk-container-id-1 div.sk-parallel-item::before {content: \"\";position: absolute;border-left: 1px solid gray;box-sizing: border-box;top: 0;bottom: 0;left: 50%;z-index: -1;}#sk-container-id-1 div.sk-parallel-item {display: flex;flex-direction: column;z-index: 1;position: relative;background-color: white;}#sk-container-id-1 div.sk-parallel-item:first-child::after {align-self: flex-end;width: 50%;}#sk-container-id-1 div.sk-parallel-item:last-child::after {align-self: flex-start;width: 50%;}#sk-container-id-1 div.sk-parallel-item:only-child::after {width: 0;}#sk-container-id-1 div.sk-dashed-wrapped {border: 1px dashed gray;margin: 0 0.4em 0.5em 0.4em;box-sizing: border-box;padding-bottom: 0.4em;background-color: white;}#sk-container-id-1 div.sk-label label {font-family: monospace;font-weight: bold;display: inline-block;line-height: 1.2em;}#sk-container-id-1 div.sk-label-container {text-align: center;}#sk-container-id-1 div.sk-container {/* jupyter's `normalize.less` sets `[hidden] { display: none; }` but bootstrap.min.css set `[hidden] { display: none !important; }` so we also need the `!important` here to be able to override the default hidden behavior on the sphinx rendered scikit-learn.org. See: https://github.com/scikit-learn/scikit-learn/issues/21755 */display: inline-block !important;position: relative;}#sk-container-id-1 div.sk-text-repr-fallback {display: none;}</style><div id=\"sk-container-id-1\" class=\"sk-top-container\"><div class=\"sk-text-repr-fallback\"><pre>GridSearchCV(cv=5, estimator=SVR(), n_jobs=-1,\n",
       "             param_grid={&#x27;C&#x27;: [0.1, 1, 10, 100], &#x27;epsilon&#x27;: [0.01, 0.1, 0.2],\n",
       "                         &#x27;kernel&#x27;: [&#x27;linear&#x27;, &#x27;rbf&#x27;]},\n",
       "             scoring=&#x27;neg_mean_squared_error&#x27;)</pre><b>In a Jupyter environment, please rerun this cell to show the HTML representation or trust the notebook. <br />On GitHub, the HTML representation is unable to render, please try loading this page with nbviewer.org.</b></div><div class=\"sk-container\" hidden><div class=\"sk-item sk-dashed-wrapped\"><div class=\"sk-label-container\"><div class=\"sk-label sk-toggleable\"><input class=\"sk-toggleable__control sk-hidden--visually\" id=\"sk-estimator-id-1\" type=\"checkbox\" ><label for=\"sk-estimator-id-1\" class=\"sk-toggleable__label sk-toggleable__label-arrow\">GridSearchCV</label><div class=\"sk-toggleable__content\"><pre>GridSearchCV(cv=5, estimator=SVR(), n_jobs=-1,\n",
       "             param_grid={&#x27;C&#x27;: [0.1, 1, 10, 100], &#x27;epsilon&#x27;: [0.01, 0.1, 0.2],\n",
       "                         &#x27;kernel&#x27;: [&#x27;linear&#x27;, &#x27;rbf&#x27;]},\n",
       "             scoring=&#x27;neg_mean_squared_error&#x27;)</pre></div></div></div><div class=\"sk-parallel\"><div class=\"sk-parallel-item\"><div class=\"sk-item\"><div class=\"sk-label-container\"><div class=\"sk-label sk-toggleable\"><input class=\"sk-toggleable__control sk-hidden--visually\" id=\"sk-estimator-id-2\" type=\"checkbox\" ><label for=\"sk-estimator-id-2\" class=\"sk-toggleable__label sk-toggleable__label-arrow\">estimator: SVR</label><div class=\"sk-toggleable__content\"><pre>SVR()</pre></div></div></div><div class=\"sk-serial\"><div class=\"sk-item\"><div class=\"sk-estimator sk-toggleable\"><input class=\"sk-toggleable__control sk-hidden--visually\" id=\"sk-estimator-id-3\" type=\"checkbox\" ><label for=\"sk-estimator-id-3\" class=\"sk-toggleable__label sk-toggleable__label-arrow\">SVR</label><div class=\"sk-toggleable__content\"><pre>SVR()</pre></div></div></div></div></div></div></div></div></div></div>"
      ],
      "text/plain": [
       "GridSearchCV(cv=5, estimator=SVR(), n_jobs=-1,\n",
       "             param_grid={'C': [0.1, 1, 10, 100], 'epsilon': [0.01, 0.1, 0.2],\n",
       "                         'kernel': ['linear', 'rbf']},\n",
       "             scoring='neg_mean_squared_error')"
      ]
     },
     "execution_count": 8,
     "metadata": {},
     "output_type": "execute_result"
    }
   ],
   "source": [
    "grid.fit(x_train,y_train)"
   ]
  },
  {
   "cell_type": "code",
   "execution_count": 9,
   "id": "5dbe4ee5-4be5-4aa0-aca6-cd1e6bbfbcab",
   "metadata": {},
   "outputs": [
    {
     "name": "stdout",
     "output_type": "stream",
     "text": [
      "Best Parameters: {'C': 1, 'epsilon': 0.01, 'kernel': 'linear'}\n"
     ]
    }
   ],
   "source": [
    "# Get the best parameters\n",
    "best_params = grid.best_params_\n",
    "print(\"Best Parameters:\", best_params)"
   ]
  },
  {
   "cell_type": "code",
   "execution_count": 10,
   "id": "010b06f7-e54a-4867-94e5-ad444e006dc5",
   "metadata": {},
   "outputs": [],
   "source": [
    "# Make predictions on the test data using the best model\n",
    "best_model = grid.best_estimator_\n",
    "y_pred = best_model.predict(x_test)"
   ]
  },
  {
   "cell_type": "code",
   "execution_count": 20,
   "id": "3b383a65-7ae3-4c2f-a247-eebba6dcb003",
   "metadata": {},
   "outputs": [
    {
     "name": "stdout",
     "output_type": "stream",
     "text": [
      "Mean Squared Error of the Best Model: 29.132118153863033\n"
     ]
    }
   ],
   "source": [
    "# Evaluate the best model\n",
    "from sklearn.metrics import mean_squared_error\n",
    "mse = mean_squared_error(y_test, y_pred)\n",
    "print(f'Mean Squared Error of the Best Model: {mse}')"
   ]
  },
  {
   "cell_type": "code",
   "execution_count": null,
   "id": "8e7f4834-2ec4-4d8d-bb7f-d87e55ef9e14",
   "metadata": {},
   "outputs": [],
   "source": []
  }
 ],
 "metadata": {
  "kernelspec": {
   "display_name": "Python 3 (ipykernel)",
   "language": "python",
   "name": "python3"
  },
  "language_info": {
   "codemirror_mode": {
    "name": "ipython",
    "version": 3
   },
   "file_extension": ".py",
   "mimetype": "text/x-python",
   "name": "python",
   "nbconvert_exporter": "python",
   "pygments_lexer": "ipython3",
   "version": "3.10.10"
